FBTR flux
52,1
0.00E+00
2.51E-05
4.91E-05
7.85E-05
1.24E-04
1.97E-04
3.15E-04
4.91E-04
7.85E-04
1.24E-03
0.00E+00
0.00E+00
8.28E-04
1.32E-03
7.41E-03
1.27E-02
1.88E-02
2.49E-02
3.08E-02
3.46E-02
3.63E-02
3.70E-02
3.59E-02
3.35E-02
4.28E-02
4.75E-02
3.95E-02
4.16E-02
3.86E-02
3.67E-02
3.83E-02
4.58E-02
4.81E-02
3.29E-02
1.95E-02
2.07E-02
3.16E-02
6.63E-02
2.87E-02
4.49E-02
3.59E-02
2.66E-02
1.71E-02
1.35E-02
4.03E-03
1.61E-03
5.15E-04
8.60E-05
1.71E-05
3.29E-06
3.96E-07
3.28E-08        